15150.037109375000000000000000	-100003.289062500000000000000000	-25080.378906250000000000000000	strike_-100_dip_25	1
19035.382812500000000000000000	-99988.546875000000000000000000	-20128.644531250000000000000000	strike_-100_dip_20	1
22910.601562500000000000000000	-99980.757812500000000000000000	-15142.815429687500000000000000	strike_-100_dip_15	1
26784.416015625000000000000000	-99969.390625000000000000000000	-10124.241210937500000000000000	strike_-100_dip_10	1
30642.062500000000000000000000	-99979.617187500000000000000000	-5078.024414062500000000000000	strike_-100_dip_5	1
34493.695312500000000000000000	-100004.546875000000000000000000	0.000000000000000000000000	strike_-100_dip_0	1
25129.230468750000000000000000	-79973.609375000000000000000000	-25041.974609375000000000000000	strike_-80_dip_25	1
28758.669921875000000000000000	-79926.875000000000000000000000	-20068.130859375000000000000000	strike_-80_dip_20	1
32381.398437500003637978807092	-79903.296875000000000000000000	-15076.473632812500000000000000	strike_-80_dip_15	1
36003.238281250000000000000000	-79887.343750000000000000000000	-10067.948242187500000000000000	strike_-80_dip_10	1
39574.582031250000000000000000	-80010.789062500000000000000000	-5043.471679687500000000000000	strike_-80_dip_5	1
43251.882812500000000000000000	-79858.710937500000000000000000	0.000000000000000000000000	strike_-80_dip_0	1
32096.921875000000000000000000	-59990.421875000000000000000000	-25026.246093750000000000000000	strike_-60_dip_25	1
35576.437500000000000000000000	-60007.082031250000000000000000	-20042.521484375000000000000000	strike_-60_dip_20	1
39057.585937500000000000000000	-60026.402343750000000000000000	-15048.290039062500000000000000	strike_-60_dip_15	1
42545.609375000000000000000000	-60035.644531250000000000000000	-10042.749023437500000000000000	strike_-60_dip_10	1
46032.191406250000000000000000	-60066.527343750000000000000000	-5026.407226562500000000000000	strike_-60_dip_5	1
49565.906250000000000000000000	-59948.035156250000000000000000	0.000000000000000000000000	strike_-60_dip_0	1
37232.257812500000000000000000	-39960.894531250000000000000000	-24992.005859375000000000000000	strike_-40_dip_25	1
40712.937500000000000000000000	-39901.078125000000000000000000	-19986.404296875000000000000000	strike_-40_dip_20	1
44169.484375000000000000000000	-40002.976562500000000000000000	-14983.778320312500000000000000	strike_-40_dip_15	1
47640.468750000000000000000000	-40091.128906250000000000000000	-9984.894531250000000000000000	strike_-40_dip_10	1
51188.859375000000000000000000	-39903.898437500000000000000000	-4988.946777343750000000000000	strike_-40_dip_5	1
54686.656250000000000000000000	-40006.746093750000000000000000	0.000000000000000000000000	strike_-40_dip_0	1
39808.359375000000000000000000	-20135.666015625000000000000000	-24900.736328125000000000000000	strike_-20_dip_25	1
43392.222656250000000000000000	-19920.400390625000000000000000	-20083.675781250000000000000000	strike_-20_dip_20	1
47375.937500000000000000000000	-19965.232421875000000000000000	-14811.807617187500000000000000	strike_-20_dip_15	1
51012.015625000000000000000000	-20049.128906250000000000000000	-10075.604492187500000000000000	strike_-20_dip_10	1
55064.078125000000000000000000	-20101.589843750000000000000000	-4892.507812500000000000000000	strike_-20_dip_5	1
58981.062500000000000000000000	-20035.906250000000000000000000	0.000000000000000000000000	strike_-20_dip_0	1
38774.718750000000000000000000	-45.008430480957031250000000	-24946.222656250000000000000000	strike_0_dip_25	1
43422.687500000000000000000000	-59.469509124755859375000000	-19921.697265625000000000000000	strike_0_dip_20	1
48088.914062500000000000000000	72.547279357910156250000000	-14926.449218750000000000000000	strike_0_dip_15	1
52732.921875000000000000000000	-106.396499633789062500000000	-9937.616210937500000000000000	strike_0_dip_10	1
57383.937500000000000000000000	-126.052078247070326710854715	-4965.238769531250000000000000	strike_0_dip_5	1
62038.414062500000000000000000	-4.080249786376953125000000	0.000000000000000000000000	strike_0_dip_0	1
44673.054687500000000000000000	19985.113281250000000000000000	-25104.041015625000000000000000	strike_20_dip_25	1
48537.093750000000000000000000	20122.896484375000000000000000	-19921.687500000000000000000000	strike_20_dip_20	1
51997.312500000000000000000000	20067.119140625000000000000000	-15189.656250000000000000000000	strike_20_dip_15	1
55831.968750000000000000000000	20047.826171875000000000000000	-9919.875976562500000000000000	strike_20_dip_10	1
59314.281250000000000000000000	19979.128906250000000000000000	-5103.789550781250000000000000	strike_20_dip_5	1
62988.757812500000000000000000	19917.873046875000000000000000	0.000000000000000000000000	strike_20_dip_0	1
43068.058593750000000000000000	40064.976562500000000000000000	-25018.826171875000000000000000	strike_40_dip_25	1
46103.367187500000000000000000	40028.144531250000000000000000	-20029.878906250000000000000000	strike_40_dip_20	1
49147.617187500000000000000000	39987.484375000000000000000000	-15034.750976562500000000000000	strike_40_dip_15	1
52188.304687500000000000000000	39976.800781250000000000000000	-10033.031250000000000000000000	strike_40_dip_10	1
55231.562500000000000000000000	39981.941406250000000000000000	-5021.399902343750000000000000	strike_40_dip_5	1
58282.421875000000000000000000	39988.640625000000000000000000	0.000000000000000000000000	strike_40_dip_0	1
35470.046875000000000000000000	59979.808593750000000000000000	-25010.998046875000000000000000	strike_60_dip_25	1
38123.515625000000000000000000	60021.726562500000000000000000	-20018.201171875000000000000000	strike_60_dip_20	1
40775.609375000000000000000000	60072.585937500000000000000000	-15022.008789062500000000000000	strike_60_dip_15	1
43486.828125000000000000000000	59984.203125000000000000000000	-10020.296875000000000000000000	strike_60_dip_10	1
46136.851562500000000000000000	60059.703125000000000000000000	-5013.275878906250000000000000	strike_60_dip_5	1
48907.250000000000000000000000	59870.843750000000000000000000	0.000000000000000000000000	strike_60_dip_0	1
32478.925781250000000000000000	79983.710937500000000000000000	-24999.193359375000000000000000	strike_80_dip_25	1
34590.273437500000000000000000	79862.546875000000000000000000	-19998.867187500000000000000000	strike_80_dip_20	1
36709.468750000000000000000000	80044.937500000000000000000000	-14999.900390625000000000000000	strike_80_dip_15	1
38839.742187500000000000000000	79919.976562500000000000000000	-10000.083984375000000000000000	strike_80_dip_10	1
40970.335937500000000000000000	79960.195312500000000000000000	-5000.392578125000000000000000	strike_80_dip_5	1
43104.039062500000000000000000	80007.179687500000000000000000	0.000000000000000000000000	strike_80_dip_0	1
32839.484375000000000000000000	100103.492187500000000000000000	-25015.056640625000000000000000	strike_100_dip_25	1
34517.179687500000000000000000	100056.515625000000000000000000	-20022.718750000000000000000000	strike_100_dip_20	1
36199.246093750000000000000000	100012.281250000000000000000000	-15026.264648437500000000000000	strike_100_dip_15	1
37864.585937500000000000000000	100114.304687500000000000000000	-10024.657226562500000000000000	strike_100_dip_10	1
39583.781250000000000000000000	99917.820312500000000000000000	-5014.823242187500000000000000	strike_100_dip_5	1
41262.179687500000000000000000	100027.585937500000000000000000	0.000000000000000000000000	strike_100_dip_0	1
